278
212
250
193
217
147
387
285
350
283
286
353
334
150
249
362
246
166
218
172
177
148
357
386
178
202
194
271
229
290
175
163
191
276
299
197
380
364
339
359
251
165
157
361
179
268
233
356
266
264
225
349
335
375
282
204
352
272
187
256
294
277
174
234
351
176
280
223
154
262
203
190
370
298
384
292
170
342
241
340
348
245
365
253
288
239
153
185
158
211
192
382
224
216
284
367
228
160
152
376
338
270
296
366
169
265
183
345
199
244
381
236
195
238
240
155
221
259
181
343
354
369
196
231
207
184
252
232
331
242
201
162
255
210
371
274
372
373
209
243
222
378
254
206
186
205
341
261
248
215
267
189
289
214
273
198
333
200
279
188
161
346
295
332
347
379
344
260
388
180
230
257
151
281
377
208
247
363
258
164
168
358
336
227
368
355
237
330
171
291
219
213
149
385
337
220
263
156
383
159
287
275
374
173
269
293
167
226
297
182
235
360
105
101
102
104
103
106
310
327
117
7
8
9
10
11
12
13
14
15
16
17
18
19
20
21
22
23
24
80
81
82
83
84
85
86
87
88
89
90
91
92
93
94
95
96
97
98
99
100
127
128
129
130
132
131
133
134
135
137
138
139
140
141
142
143
136
144
145
146
2
3
4
5
6
389
391
0
1
390
392
393
396
397
394
395
33
34
35
36
37
38
39
40
41
42
43
44
45
46
47
48
51
49
50
52
53
54
55
56
57
58
59
60
61
62
63
64
65
66
67
68
25
26
27
28
29
30
31
32
69
70
71
72
73
74
75
76
77
78
79
126
118
119
120
121
122
123
124
125
300
301
302
303
304
305
306
307
308
309
311
312
313
314
315
316
317
318
319
320
321
322
323
324
325
326
107
108
109
110
111
112
113
114
115
116
328
329
